mapmin: [-11.42229348144532, -12.42697829284668, -0.3805558395385744]
mapmax: [74.32770651855469, 19.32302170715332, 6.369444160461425]
mapres: [0.25, 0.25, 0.25]
mapdim: [343, 127, 27]
origin: [31.45270651855468, 3.44802170715332, 2.994444160461426]
origincells: [171, 63, 13]
datatype: b
storage: rowmajor
mappath: fla_warehouse1.cfg